 PS C:\projects\job4j_tracker> jmap -histo 15408
 #создали 10 объектов Item
 414:            10            240  ru.job4j.tracker.Item
 # После того, как посмотрел кол-во объектов, поудалял и подобавлял
224:            56           1344  ru.job4j.tracker.Item
 #То есть он считывает любые операции и добавляет

#Посмотрел через Console. Задал -Xmx5m -Xms5m
В начале запуска размер кучи 4,63Мб
Вывод всех объектов увеличил размер до 4,88
Удаление всех объектов все равно не сократил кучу, ее размер со временем увеличивался.
В итоге дошло до исключения OutOfMemoryError
Time:2023-10-05 21:44:26
Used:5 076 kbytes
Committed:6 144 kbytes
Max:6 144 kbytes
GC time:0,103 seconds on G1 Young Generation (54 collections)
0,778 seconds on G1 Old Generation (43 collections)

#Задал -Xmx50m
Запустил снова программу, почему-то даже при простое программы, когда не задаю никакие команды, размер кучи все равно непрерывно продолжает расти (возможно, профилировщик кушает, либо я не знаю что).
При создании 40 000 объектов, размер кучи сначала падает с 23 до 7 мб, но потом снова вырастает до 34
Time:2023-10-05 22:09:16
Used:22585 kbytes
Committed:41984 kbytes
Max:51200 kbytes
GC time:0,075 seconds on G1 Young Generation (24 collections)
0,033 seconds on G1 Old Generation (2 collections)

Удалял и добавлял объекты, но картина всегда такая же. Пик использования памяти был в момент добавления 50 объектов в начале.
Когда же я добавил 1млн объектов, память начала прыгать вверх-вниз, но пика не превышала.
При попытке удалить все млн объектов, вылезла ошибка OutOfMemoryError, думаю, из-за того, что перед удалением создавался еще один список с объектами, то есть кол-во их увеличилось вдвое

Вбил в настройки Serial GC, запустил еще раз программу с наличием миллиона объектов.
Памяти было около 50 мб.
Запустил вывод всех объектов, память скакнула до 550 мб.
Запустил удаление объектов, память не меняется, только скачет вверх-вниз в пределах 100 мб.


# Использовал jstat, там вообще ничего не поменялось во время удаления и добавления объектов
 S0C         S1C         S0U         S1U          EC           EU           OC           OU          MC         MU       CCSC      CCSU     YGC     YGCT     FGC    FGCT     CGC    C
GCT       GCT
        0,0      1024,0         0,0       326,8      11264,0       1024,0      29696,0      14066,3    11008,0    10533,8    1280,0    1067,8     24     0,075     2     0,033     6
 0,013     0,121
        0,0      1024,0         0,0       326,8      11264,0       1024,0      29696,0      14066,3    11008,0    10533,8    1280,0    1067,8     24     0,075     2     0,033     6
 0,013     0,121
        0,0      1024,0         0,0       326,8      11264,0       1024,0      29696,0      14066,3    11008,0    10533,8    1280,0    1067,8     24     0,075     2     0,033     6
 0,013     0,121
        0,0      1024,0         0,0       326,8      11264,0       1024,0      29696,0      14066,3    11008,0    10533,8    1280,0    1067,8     24     0,075     2     0,033     6
 0,013     0,121
        0,0      1024,0         0,0       326,8      11264,0       1024,0      29696,0      14066,3    11008,0    10533,8    1280,0    1067,8     24     0,075     2     0,033     6
 0,013     0,121
        0,0      1024,0         0,0       326,8      11264,0       1024,0      29696,0      14066,3    11008,0    10533,8    1280,0    1067,8     24     0,075     2     0,033     6
 0,013     0,121
        0,0      1024,0         0,0       326,8      11264,0       1024,0      29696,0      14066,3    11008,0    10533,8    1280,0    1067,8     24     0,075     2     0,033     6
 0,013     0,121
        0,0      1024,0         0,0       326,8      11264,0       1024,0      29696,0      14066,3    11008,0    10533,8    1280,0    1067,8     24     0,075     2     0,033     6
 0,013     0,121
        0,0      1024,0         0,0       326,8      11264,0       2048,0      29696,0      14066,3    11008,0    10533,8    1280,0    1067,8     24     0,075     2     0,033     6
 0,013     0,121
        0,0      1024,0         0,0       326,8      11264,0       2048,0      29696,0      14066,3    11008,0    10533,8    1280,0    1067,8     24     0,075     2     0,033     6
 0,013     0,121
        0,0      1024,0         0,0       326,8      11264,0       2048,0      29696,0      14066,3    11008,0    10533,8    1280,0    1067,8     24     0,075     2     0,033     6
 0,013     0,121
        0,0      1024,0         0,0       326,8      11264,0       2048,0      29696,0      14066,3    11008,0    10533,8    1280,0    1067,8     24     0,075     2     0,033     6
 0,013     0,121
        0,0      1024,0         0,0       326,8      11264,0       2048,0      29696,0      14066,3    11008,0    10533,8    1280,0    1067,8     24     0,075     2     0,033     6
 0,013     0,121
        0,0      1024,0         0,0       326,8      11264,0       2048,0      29696,0      14066,3    11008,0    10533,8    1280,0    1067,8     24     0,075     2     0,033     6
 0,013     0,121
        0,0      1024,0         0,0       326,8      11264,0       2048,0      29696,0      14066,3    11008,0    10533,8    1280,0    1067,8     24     0,075     2     0,033     6
 0,013     0,121
        0,0      1024,0         0,0       326,8      11264,0       2048,0      29696,0      14066,3    11008,0    10533,8    1280,0    1067,8     24     0,075     2     0,033     6
 0,013     0,121
        0,0      1024,0         0,0       326,8      11264,0       2048,0      29696,0      14066,3    11008,0    10533,8    1280,0    1067,8     24     0,075     2     0,033     6
 0,013     0,121
        0,0      1024,0         0,0       326,8      11264,0       2048,0      29696,0      14066,3    11008,0    10533,8    1280,0    1067,8     24     0,075     2     0,033     6
 0,013     0,121
        0,0      1024,0         0,0       326,8      11264,0       2048,0      29696,0      14066,3    11008,0    10533,8    1280,0    1067,8     24     0,075     2     0,033     6
 0,013     0,121
        0,0      1024,0         0,0       326,8      11264,0       2048,0      29696,0      14066,3    11008,0    10533,8    1280,0    1067,8     24     0,075     2     0,033     6
 0,013     0,121
        0,0      1024,0         0,0       326,8      11264,0       2048,0      29696,0      14066,3    11008,0    10533,8    1280,0    1067,8     24     0,075     2     0,033     6
 0,013     0,121
        0,0      1024,0         0,0       326,8      11264,0       2048,0      29696,0      14066,3    11008,0    10533,8    1280,0    1067,8     24     0,075     2     0,033     6
 0,013     0,121
        0,0      1024,0         0,0       326,8      11264,0       2048,0      29696,0      14066,3    11008,0    10533,8    1280,0    1067,8     24     0,075     2     0,033     6
 0,013     0,121
        0,0      1024,0         0,0       326,8      11264,0       2048,0      29696,0      14066,3    11008,0    10533,8    1280,0    1067,8     24     0,075     2     0,033     6
 0,013     0,121
        0,0      1024,0         0,0       326,8      11264,0       3072,0      29696,0      14066,3    11008,0    10533,8    1280,0    1067,8     24     0,075     2     0,033     6
 0,013     0,121
        0,0      1024,0         0,0       326,8      11264,0       3072,0      29696,0      14066,3    11008,0    10533,8    1280,0    1067,8     24     0,075     2     0,033     6
 0,013     0,121
        0,0      1024,0         0,0       326,8      11264,0       3072,0      29696,0      14066,3    11008,0    10533,8    1280,0    1067,8     24     0,075     2     0,033     6
 0,013     0,121
        0,0      1024,0         0,0       326,8      11264,0       3072,0      29696,0      14066,3    11008,0    10533,8    1280,0    1067,8     24     0,075     2     0,033     6
 0,013     0,121
        0,0      1024,0         0,0       326,8      11264,0       3072,0      29696,0      14066,3    11008,0    10533,8    1280,0    1067,8     24     0,075     2     0,033     6
 0,013     0,121
        0,0      1024,0         0,0       326,8      11264,0       3072,0      29696,0      14066,3    11008,0    10533,8    1280,0    1067,8     24     0,075     2     0,033     6
 0,013     0,121
        0,0      1024,0         0,0       326,8      11264,0       3072,0      29696,0      14066,3    11008,0    10533,8    1280,0    1067,8     24     0,075     2     0,033     6
 0,013     0,121
        0,0      1024,0         0,0       326,8      11264,0       3072,0      29696,0      14066,3    11008,0    10533,8    1280,0    1067,8     24     0,075     2     0,033     6
 0,013     0,121
        0,0      1024,0         0,0       326,8      11264,0       3072,0      29696,0      14066,3    11008,0    10533,8    1280,0    1067,8     24     0,075     2     0,033     6
 0,013     0,121
        0,0      1024,0         0,0       326,8      11264,0       3072,0      29696,0      14066,3    11008,0    10533,8    1280,0    1067,8     24     0,075     2     0,033     6
 0,013     0,121
        0,0      1024,0         0,0       326,8      11264,0       3072,0      29696,0      14066,3    11008,0    10533,8    1280,0    1067,8     24     0,075     2     0,033     6
 0,013     0,121
        0,0      1024,0         0,0       326,8      11264,0       3072,0      29696,0      14066,3    11008,0    10533,8    1280,0    1067,8     24     0,075     2     0,033     6
 0,013     0,121
        0,0      1024,0         0,0       326,8      11264,0       3072,0      29696,0      14066,3    11008,0    10533,8    1280,0    1067,8     24     0,075     2     0,033     6
 0,013     0,121
        0,0      1024,0         0,0       326,8      11264,0       3072,0      29696,0      14066,3    11008,0    10533,8    1280,0    1067,8     24     0,075     2     0,033     6
 0,013     0,121
        0,0      1024,0         0,0       326,8      11264,0       3072,0      29696,0      14066,3    11008,0    10533,8    1280,0    1067,8     24     0,075     2     0,033     6
 0,013     0,121
        0,0      1024,0         0,0       326,8      11264,0       3072,0      29696,0      14066,3    11008,0    10533,8    1280,0    1067,8     24     0,075     2     0,033     6
 0,013     0,121
        0,0      1024,0         0,0       326,8      11264,0       3072,0      29696,0      14066,3    11008,0    10533,8    1280,0    1067,8     24     0,075     2     0,033     6
 0,013     0,121
        0,0      1024,0         0,0       326,8      11264,0       3072,0      29696,0      14066,3    11008,0    10533,8    1280,0    1067,8     24     0,075     2     0,033     6
 0,013     0,121
        0,0      1024,0         0,0       326,8      11264,0       3072,0      29696,0      14066,3    11008,0    10533,8    1280,0    1067,8     24     0,075     2     0,033     6
 0,013     0,121
        0,0      1024,0         0,0       326,8      11264,0       3072,0      29696,0      14066,3    11008,0    10533,8    1280,0    1067,8     24     0,075     2     0,033     6
 0,013     0,121
        0,0      1024,0         0,0       326,8      11264,0       4096,0      29696,0      14066,3    11008,0    10533,8    1280,0    1067,8     24     0,075     2     0,033     6
 0,013     0,121
        0,0      1024,0         0,0       326,8      11264,0       4096,0      29696,0      14066,3    11008,0    10533,8    1280,0    1067,8     24     0,075     2     0,033     6
 0,013     0,121
        0,0      1024,0         0,0       326,8      11264,0       4096,0      29696,0      14066,3    11008,0    10533,8    1280,0    1067,8     24     0,075     2     0,033     6
 0,013     0,121
        0,0      1024,0         0,0       326,8      11264,0       4096,0      29696,0      14066,3    11008,0    10533,8    1280,0    1067,8     24     0,075     2     0,033     6
 0,013     0,121
        0,0      1024,0         0,0       326,8      11264,0       4096,0      29696,0      14066,3    11008,0    10533,8    1280,0    1067,8     24     0,075     2     0,033     6
 0,013     0,121
        0,0      1024,0         0,0       326,8      11264,0       4096,0      29696,0      14066,3    11008,0    10533,8    1280,0    1067,8     24     0,075     2     0,033     6
 0,013     0,121
        0,0      1024,0         0,0       326,8      11264,0       4096,0      29696,0      14066,3    11008,0    10533,8    1280,0    1067,8     24     0,075     2     0,033     6
 0,013     0,121
        0,0      1024,0         0,0       326,8      11264,0       4096,0      29696,0      14066,3    11008,0    10533,8    1280,0    1067,8     24     0,075     2     0,033     6
 0,013     0,121
        0,0      1024,0         0,0       326,8      11264,0       4096,0      29696,0      14066,3    11008,0    10533,8    1280,0    1067,8     24     0,075     2     0,033     6
 0,013     0,121
        0,0      1024,0         0,0       326,8      11264,0       4096,0      29696,0      14066,3    11008,0    10533,8    1280,0    1067,8     24     0,075     2     0,033     6
 0,013     0,121
        0,0      1024,0         0,0       326,8      11264,0       4096,0      29696,0      14066,3    11008,0    10533,8    1280,0    1067,8     24     0,075     2     0,033     6
 0,013     0,121

